 20091222195849 45.22 124.93 3.40  4   吉林松原
 20100208025633 45.25 124.77 0.30  0   松原子台
 20100412210306 45.40 124.83 1.80  7   吉林松原
 20101015122247 45.32 124.47 1.90  6   吉林前郭尔罗斯
 20101225225551 45.35 124.45 2.00 14   吉林前郭尔罗斯
 20110501045740 45.37 124.83 1.20  8   吉林松原
 20110501064551 45.33 124.87 2.10 10   吉林松原
 20110501202605 45.40 124.93 1.10  4   吉林松原
 20110501202952 45.33 124.82 1.70  6   吉林松原
 20110501203501 45.45 124.78 1.30  7   吉林松原
 20110501205430 45.42 124.80 1.40 12   吉林松原
 20110503135123 45.42 124.90 1.20  9   吉林松原
 20110505185106 45.40 124.83 2.90  7   吉林松原
 20110505190652 45.38 124.83 0.50  7   吉林松原
 20110505192840 45.27 124.95 0.80 12   吉林松原
 20110505234822 45.23 124.95 1.10  7   吉林松原
 20110506041359 45.38 124.83 0.90 13   吉林松原
 20110507142912 45.42 124.85 0.60  6   吉林松原
 20110510145011 45.08 124.75 1.50  9   吉林松原
 20110518092625 45.02 124.68 1.40  8   吉林前郭
 20110522022034 45.38 124.87 0.50  8   吉林松原
 20110625130340 45.32 124.80 1.90  7   吉林松原
 20110715171717 44.93 124.55 1.50  7   吉林前郭
 20141012132806 45.42 124.92 1.20  5   吉林扶余
 20151221094552 45.25 124.68 1.80 10   吉林宁江
 20170718140609 45.28 124.72 2.60  5   吉林松原
 20170719172307 45.23 124.72 0.00  0   吉林松原子台(S-P1.2s)
 20170723071334 45.28 124.77 5.00 10   吉林松原
 20170723072452 45.27 124.73 1.00  9   吉林松原
 20170723072543 45.27 124.75 1.50  7   吉林松原
 20170723085443 45.27 124.73 1.70 10   吉林松原
 20170723095642 45.25 124.77 0.50 11   吉林松原
 20170723103849 45.22 124.75 1.20 10   吉林松原
 20170723152802 45.27 124.75 1.20  6   吉林松原
 20170723183716 45.28 124.72 1.00  6   吉林松原
 20170723221518 45.23 124.72 2.30 11   吉林松原
 20170724075440 45.25 124.68 2.20  8   吉林松原
 20170724125226 45.27 124.78 0.40  0   吉林松原子台(S-P1.2s)
 20170724132158 45.23 124.72 1.10  7   吉林松原
 20170725072006 45.27 124.72 2.40  6   吉林松原
 20170725175419 45.27 124.73 1.60  8   吉林松原
 20170725213600 45.28 124.78 0.60  0   吉林松原子台(S-P0.9s)
 20170727174955 45.23 124.70 0.90  8   吉林松原
 20170727224211 45.28 124.73 1.80  5   吉林松原
 20170727230704 45.28 124.77 1.20 12   吉林松原
 20170727231646 45.20 124.78 0.10 14   吉林松原
 20170728002003 45.27 124.73 1.30 10   吉林松原
 20170728014309 45.23 124.73 3.00 10   吉林松原
 20170728084717 45.27 124.73 1.70 11   吉林松原
 20170728102947 45.25 124.73 0.40  0   吉林松原子台(S-P1.2s)
 20170728125236 45.27 124.72 1.30 10   吉林松原
 20170728170416 45.18 124.77 0.30  0   吉林松原子台(S-P1.3s)
 20170729155334 45.27 124.72 1.20  8   吉林松原
 20170731085740 45.30 124.72 1.20  8   吉林前郭
 20170731113518 45.28 124.77 0.40  0   吉林松原子台(S-P1.1s)
 20170731133534 45.28 124.72 1.90 11   吉林松原
 20170802171907 45.23 124.73 1.70  8   吉林松原
 20170805033956 45.27 124.77 0.10  0   吉林松原子台(S-P1.1s)
 20170805210930 45.27 124.75 2.90 10   吉林松原
 20170810065555 45.28 124.73 1.90 14   吉林松原
 20170813205425 45.23 124.72 3.40  9   吉林松原
 20170813205615 45.23 124.73 0.20  0   吉林松原子台(S-P1.2s)
 20170814095410 45.23 124.72 0.50 10   吉林松原
 20170815115816 45.35 124.73 4.60  7   吉林松原
 20170815120819 45.27 124.73 1.10  7   吉林松原
 20170815211430 45.23 124.72 0.10  0   吉林松原子台(S-P1.1s)
 20170816070711 45.23 124.73 0.50  8   吉林松原
 20170816121829 45.25 124.73 0.20  0   吉林松原子台(S-P1.2s)
 20170817114805 45.27 124.72 0.70  7   吉林松原
 20170818093350 45.25 124.72 1.00  8   吉林松原
 20170819024106 45.23 124.77 0.20  9   吉林松原
 20170819135946 45.23 124.77 0.60 10   吉林松原
 20170821021926 45.25 124.72 1.00  8   吉林松原
 20170822073500 45.23 124.72 1.60  8   吉林松原
 20170825055801 45.23 124.92 1.00  8   吉林松原
 20170825143515 45.22 124.73 0.60  9   吉林松原
 20170826182536 45.28 124.75 0.10  0   吉林松原子台(S-P1.1s)
 20170903133149 45.23 124.73 0.20 10   吉林松原
 20170905222250 45.27 124.77 0.00  0   吉林松原子台(S-P1.2s)
 20170907065339 45.25 124.73 3.30 10   吉林松原
 20170919122212 45.25 124.72 1.20  7   吉林松原
 20170921132558 45.27 124.72 2.30  8   吉林松原
 20170930162710 45.22 124.82 1.30 10   吉林松原
 20171006101456 45.25 124.70 0.90  0   吉林松原子台(S-P1.1s)
 20171008132816 45.27 124.72 1.40  7   吉林松原
 20171010025836 45.28 124.77 1.00  6   吉林松原
 20171014002349 45.23 124.75 2.30  7   吉林松原
 20171014232049 45.28 124.77 0.10  0   吉林松原子台(S-P1.1s)
 20171022075431 45.22 124.73 0.30  0   吉林松原子台(S-P1.4s)
 20171028054049 45.22 124.68 0.40  9   吉林松原
 20171030022214 45.27 124.72 2.70 11   吉林松原
 20171107051345 45.23 124.75 0.80 11   吉林松原
 20171201004635 45.22 124.73 0.30  0   吉林松原子台(S-P1.1s)
 20171210195715 45.25 124.72 2.00  9   吉林松原
 20171214064433 45.23 124.72 0.90  6   吉林松原
 20171221075407 45.27 124.73 1.40  8   吉林松原
 20171223022745 45.28 124.73 1.00  2   吉林松原
 20171223105512 45.27 124.75 1.80  9   吉林松原
 20180104060535 45.38 124.77 2.40 11   吉林松原
 20180104202108 45.28 124.65 4.20 10   吉林前郭
 20180104210210 45.28 124.78 0.20  0   吉林松原子台(S-P1.1s)
 20180105131936 45.27 124.78 0.20  9   吉林松原
 20180110024739 45.40 124.83 0.10  7   吉林松原
 20180111145603 45.25 124.77 0.30 11   吉林松原
 20180115221619 45.23 124.72 2.70  7   吉林松原
 20180115221913 45.23 124.78 0.10  0   吉林松原子台(S-P0.9s)
 20180115224019 45.22 124.75 0.30  0   吉林松原子台(S-P0.9s)
 20180116020054 45.23 124.72 1.70 13   吉林松原
 20180124065022 45.23 124.77 1.10  9   吉林松原
 20180126144235 45.28 124.75 1.00  6   吉林松原
 20180127123904 45.22 124.73 0.70  0   吉林松原子台(S-P1.1s)
 20180206014058 45.28 124.78 0.20  0   吉林松原子台(S-P1.1s)
 20180218141232 45.27 124.72 1.70 12   吉林松原
 20180218142549 45.27 124.73 1.50 10   吉林松原
 20180220071546 45.23 124.78 0.50  9   吉林松原
 20180305064957 45.30 124.72 4.20 10   吉林前郭
 20180305065203 45.22 124.67 0.60  0   吉林松原
 20180305162224 45.20 124.68 0.20 10   吉林松原
 20180306102731 45.18 124.73 0.70 11   吉林松原
 20180313103643 45.27 124.73 2.90  8   吉林松原
 20180317015718 45.22 124.75 1.80  8   吉林松原
 20180317104558 45.25 124.72 1.40 12   吉林松原
 20180420201903 45.22 124.85 1.20  6   吉林松原
 20180423014637 45.25 124.73 3.50 10   吉林松原
 20180501122450 45.23 124.72 0.40  0   吉林松原子台(S-P1.1s)
 20180509192742 45.23 124.68 1.70  8   吉林松原
 20180523143043 45.18 124.73 0.70 10   吉林松原
 20180528015052 45.32 124.68 5.70 10   吉林松原
 20180528020202 45.17 124.70 0.80  6   吉林松原
 20180528021243 45.27 124.73 1.60 13   吉林松原
 20180528021935 45.20 124.72 0.20  9   吉林松原
 20180528022752 45.23 124.70 0.40  9   吉林松原
 20180528024637 45.27 124.77 1.10  6   吉林松原
 20180528025822 45.27 124.73 0.90  9   吉林松原
 20180528031149 45.25 124.72 0.90 12   吉林松原
 20180528033217 45.27 124.73 1.20 13   吉林松原
 20180528033347 45.23 124.72 1.30  9   吉林松原
 20180528033841 45.23 124.73 1.50 10   吉林松原
 20180528040458 45.27 124.72 1.10 12   吉林松原
 20180528041258 45.25 124.70 1.50 14   吉林松原
 20180528042234 45.22 124.63 0.30  5   吉林松原
 20180528042716 45.18 124.70 1.20  8   吉林松原
 20180528043304 45.20 124.75 0.10  8   吉林松原
 20180528044733 45.20 124.72 0.40 13   吉林松原
 20180528051136 45.13 124.70 0.70  2   吉林松原
 20180528053204 45.28 124.72 1.80 14   吉林松原
 20180528060118 45.27 124.72 1.60 14   吉林松原
 20180528062826 45.25 124.70 1.40 11   吉林松原
 20180528063932 45.25 124.73 0.90  8   吉林松原
 20180528084639 45.23 124.73 1.70 13   吉林松原
 20180528125925 45.23 124.72 1.40  7   吉林松原
 20180528130425 45.23 124.70 2.70  9   吉林松原
 20180528132606 45.22 124.63 0.70  6   吉林松原
 20180528155418 45.23 124.70 1.40  7   吉林松原
 20180528164811 45.23 124.67 0.30  0   吉林松原子台(S-P1.3s)
 20180528190819 45.13 124.72 0.60  6   吉林松原
 20180528215312 45.25 124.72 0.60  6   吉林松原
 20180528220350 45.18 124.68 0.30  9   吉林松原
 20180529000314 45.22 124.72 0.40  9   吉林松原
 20180529011855 45.27 124.72 1.60 10   吉林松原
 20180529014551 45.25 124.72 0.60 11   吉林松原
 20180529032134 45.22 124.73 0.20  8   吉林松原
 20180529041820 45.23 124.70 1.80  8   吉林松原
 20180529051148 45.18 124.70 0.30 10   吉林松原
 20180529070042 45.22 124.73 0.10  0   吉林松原子台(S-P1.1s)
 20180529103343 45.18 124.72 0.60  9   吉林松原
 20180529105323 45.25 124.72 1.30 12   吉林松原
 20180529133756 45.27 124.77 0.20  0   吉林松原子台(S-P1.0s)
 20180529134631 45.28 124.72 0.00  0   吉林松原子台(S-P1.3s)
 20180529143612 45.25 124.73 3.70  9   吉林松原
 20180529143705 45.23 124.72 2.70  6   吉林松原
 20180529144150 45.25 124.72 1.40  8   吉林松原
 20180529150155 45.23 124.72 1.90  9   吉林松原
 20180529153950 45.22 124.72 2.00 10   吉林松原
 20180529160434 45.23 124.68 1.70 11   吉林松原
 20180529164215 45.25 124.75 1.70 12   吉林松原
 20180529195406 45.23 124.67 1.40 11   吉林松原
 20180529215309 45.22 124.72 1.10  9   吉林松原
 20180529231931 45.23 124.72 0.50  5   吉林松原
 20180530031924 45.22 124.77 0.70  9   吉林松原
 20180530043025 45.27 124.73 0.30  0   吉林松原子台(S-P1.3s)
 20180530051325 45.25 124.72 1.20 10   吉林松原
 20180530135007 45.30 124.78 0.40  0   吉林松原子台(S-P1.4s)
 20180530153506 45.22 124.73 0.40  9   吉林松原
 20180530162259 45.17 124.72 1.00  4   吉林松原
 20180530172925 45.23 124.70 1.40  8   吉林松原
 20180530204951 45.23 124.70 1.40  7   吉林松原
 20180530234949 45.22 124.68 0.40 11   吉林松原
 20180531000556 45.27 124.67 0.80  5   吉林松原
 20180531060735 45.27 124.68 1.30  9   吉林松原
 20180531130041 45.25 124.72 3.50  7   吉林松原
 20180531171927 45.23 124.73 3.10  7   吉林松原
 20180531201404 45.23 124.72 0.40 12   吉林松原
 20180601072016 45.27 124.72 1.80 14   吉林松原
 20180601085641 45.25 124.70 0.90 11   吉林松原
 20180601120328 45.28 124.75 0.00  0   吉林松原子台(S-P1.0s)
 20180601212848 45.23 124.72 0.90  7   吉林松原
 20180601221156 45.22 124.80 0.50  0   吉林松原子台(S-P1.2s)
 20180602065445 45.23 124.72 0.70  0   吉林松原子台(S-P1.2s)
 20180602152614 45.23 124.72 1.30 10   吉林松原
 20180603180358 45.23 124.73 2.00 10   吉林松原
 20180604133020 45.23 124.72 2.50  9   吉林松原
 20180604202230 45.23 124.73 0.60 12   吉林松原
 20180604211205 45.23 124.72 0.70 10   吉林松原
 20180605012923 45.20 124.77 0.90  8   吉林松原
 20180605040428 45.22 124.72 1.00  8   吉林松原
 20180605122107 45.18 124.78 0.50  6   吉林松原
 20180605130209 45.23 124.67 2.80  8   吉林松原
 20180606111252 45.30 124.75 0.20  0   吉林松原子台(S-P1.1s)
 20180606165302 45.22 124.75 0.50  9   吉林松原
 20180607093310 45.23 124.73 1.10 11   吉林松原
 20180607114832 45.17 124.77 0.40  0   吉林松原子台(S-P1.3s)
 20180607203752 45.27 124.77 0.50  0   吉林松原子台(S-P1.0s)
 20180610101458 45.18 124.72 0.40  0   吉林松原子台(S-P1.3s)
 20180610173201 45.23 124.78 0.60  0   吉林松原子台(S-P0.9s)
 20180612105704 45.23 124.68 1.90  7   吉林松原
 20180612215212 45.25 124.72 1.80  7   吉林松原
 20180613231308 45.20 124.73 1.00 10   吉林松原
 20180614030032 45.23 124.77 0.00  0   吉林松原子台(S-P0.8s)
 20180614235618 45.23 124.78 0.00  0   吉林松原子台(S-P0.9s)
 20180615195323 45.23 124.73 1.40 11   吉林松原
 20180617061156 45.23 124.77 0.20  0   吉林松原子台(S-P0.8s)
 20180617132857 45.23 124.72 2.30  9   吉林松原
 20180617190021 45.22 124.72 0.20  0   吉林松原子台(S-P1.1s)
 20180618041933 45.22 124.72 0.00  7   吉林松原
 20180618073133 45.25 124.78 0.90  0   吉林松原子台(S-P0.9s)
 20180618082507 45.13 124.75 0.30  0   吉林松原子台(S-P1.9s)
 20180618095739 45.23 124.72 0.50  3   吉林松原
 20180619165008 45.20 124.72 0.90  5   吉林松原
 20180619175422 45.25 124.78 0.20  0   吉林松原子台(S-P0.9s)
 20180620044545 45.22 124.80 0.40  7   吉林松原
 20180620074143 45.23 124.75 0.50  0   吉林松原子台(S-P0.9s)
 20180620154633 45.23 124.75 0.50  0   吉林松原子台(S-P0.9s)
 20180620154819 45.22 124.75 0.50  0   吉林松原子台(S-P0.9s)
 20180620162252 45.23 124.78 0.50  7   吉林松原
 20180620171249 45.23 124.78 0.50  0   吉林松原子台(S-P0.9s)
 20180620211747 45.23 124.78 0.60  0   吉林松原子台(S-P0.8s)
 20180621051109 45.23 124.75 0.00  0   吉林松原子台(S-P0.9s)
 20180621051816 45.23 124.78 0.50  0   吉林松原子台(S-P0.9s)
 20180621065656 45.22 124.72 0.70 10   吉林松原
 20180621072703 45.20 124.72 1.00  4   吉林松原
 20180621160340 45.23 124.77 1.90  7   吉林松原
 20180621161230 45.27 124.77 1.70 10   吉林松原
 20180621185425 45.28 124.77 0.30  0   吉林松原子台(S-P1.1s)
 20180622144519 45.28 124.75 0.10  0   吉林松原子台(S-P1.1s)
 20180623014642 45.22 124.75 0.10  8   吉林松原
 20180623122829 45.20 124.72 0.50  7   吉林松原
 20180623125548 45.23 124.75 0.80  0   吉林松原子台(S-P0.9s)
 20180624181750 45.25 124.78 0.40  0   吉林松原子台(S-P0.9s)
 20180625022645 45.25 124.85 0.20  0   吉林松原子台(S-P1.3s)
 20180627153610 45.23 124.70 0.80  0   吉林松原子台(S-P1.2s)
 20180628075039 45.27 124.72 1.40  9   吉林松原
 20180629121230 45.22 124.68 1.50 10   吉林松原
 20180701123325 45.27 124.65 0.10  0   吉林松原子台(S-P1.5s)
 20180704024554 45.22 124.73 0.90  4   吉林松原
 20180704230212 45.25 124.72 0.60  9   吉林松原
 20180706105153 45.23 124.75 1.90  9   吉林松原
 20180706140113 45.28 124.78 0.60  0   吉林松原子台(S-P0.8s)
 20180707151711 45.23 124.77 0.50  0   吉林松原子台(S-P0.8s)
 20180708095733 45.23 124.75 1.20  9   吉林松原
 20180710130944 45.23 124.77 2.00 10   吉林松原
 20180710131428 45.23 124.75 2.00 10   吉林松原
 20180711131944 45.27 124.70 1.70 10   吉林松原
 20180712181638 45.25 124.78 0.40  0   吉林松原子台(S-P0.9s)
 20180714072623 45.27 124.72 1.50  9   吉林松原
 20180717155224 45.25 124.68 1.60 10   吉林松原
 20180718075411 45.28 124.75 0.20  0   吉林松原子台(S-P1.1s)
 20180719004801 45.23 124.72 1.80 13   吉林松原
 20180719101537 45.22 124.72 1.20  5   吉林松原
 20180721112500 45.25 124.70 2.30 10   吉林松原
 20180722125024 45.22 124.77 1.10 10   吉林松原
 20180725212215 45.20 124.68 1.10 10   吉林松原
 20180727200550 45.23 124.73 1.60 11   吉林松原
 20180728004953 45.23 124.75 1.60  9   吉林松原
 20180801020437 45.23 124.67 2.00  5   吉林松原
 20180803023227 45.23 124.68 1.90  8   吉林松原
 20180803201051 45.25 124.72 1.20 11   吉林松原
 20180804054123 45.23 124.72 0.20  0   吉林松原子台(S-P1.2s)
 20180805120705 45.25 124.73 0.90  7   吉林松原
 20180807131200 45.22 124.72 1.20  0   吉林松原子台(S-P1.1s)
 20180809215957 45.27 124.78 0.10  0   吉林松原子台(S-P1.0s)
 20180811044728 45.27 124.78 0.40  7   吉林松原
 20180812020022 45.23 124.70 3.20  8   吉林松原
 20180812161608 45.22 124.65 0.40  5   吉林松原
 20180816102358 45.18 124.67 0.70  5   吉林松原
 20180819112221 45.22 124.72 0.40  8   吉林松原
 20180819122453 45.17 124.75 0.70  4   吉林松原
 20180819210040 45.22 124.72 0.70 11   吉林松原
 20180821163321 45.18 124.63 0.80  5   吉林松原
 20180822103750 45.23 124.72 0.20  0   吉林松原子台(S-P1.2s)
 20180822121104 45.23 124.72 0.30  0   吉林松原子台(S-P1.2s)
 20180824234606 45.23 124.72 0.10  0   吉林松原子台(S-P1.1s)
 20180902221108 45.23 124.70 0.40  0   吉林松原子台(S-P1.2s)
 20180910101326 45.18 124.72 1.00  6   吉林松原
 20180914154730 45.25 124.70 1.40  8   吉林松原
 20180915091247 45.20 124.70 1.20 12   吉林松原
 20180915091310 45.27 124.65 4.70 10   吉林松原
 20180915092453 45.27 124.62 1.30 11   吉林松原
 20180915093308 45.22 124.63 2.80  4   吉林松原
 20180915101511 45.25 124.67 0.90 10   吉林松原
 20180916003257 45.20 124.77 0.90  9   吉林松原
 20180916011214 45.22 124.67 1.50  6   吉林松原
 20180916091330 45.18 124.65 0.80  7   吉林松原
 20180917100323 45.23 124.72 1.20  6   吉林松原
 20180917155527 45.17 124.65 0.80  6   吉林松原
 20180917170452 45.17 124.62 0.70  6   吉林前郭
 20180918174802 45.17 124.75 1.30  6   吉林松原
 20180920111807 45.17 124.78 1.00  6   吉林松原
 20180921030212 45.22 124.63 1.80  6   吉林松原
 20180921030237 45.15 124.63 1.30  6   吉林前郭
 20180922022243 45.25 124.72 1.90  6   吉林松原
 20180923082424 45.23 124.72 0.20  0   吉林松原子台(S-P1.2s)
 20180927051045 45.20 124.67 0.90  6   吉林松原
 20180928084640 45.25 124.73 0.60  6   吉林松原
 20180928152501 45.18 124.63 0.90  6   吉林松原
 20180930005346 45.27 124.78 1.30  4   吉林松原
 20181002035940 45.17 124.72 0.60  4   吉林松原
 20181002191017 45.27 124.70 2.30 11   吉林松原
 20181004183720 45.22 124.72 0.60  8   吉林松原
 20181010213501 45.23 124.67 2.50  7   吉林松原
 20181012074041 45.28 124.75 0.10  0   吉林松原子台(S-P1.1s)
 20181016122810 45.23 124.77 0.00  0   吉林松原子台(S-P0.8s)
 20181020025220 45.25 124.73 1.30  8   吉林松原
 20181025095309 45.23 124.68 1.70 10   吉林松原
 20181031055303 45.28 124.77 1.10  8   吉林松原
 20181102071227 45.22 124.67 1.80  6   吉林松原
 20181102101320 45.35 124.87 1.80  8   吉林松原
 20181105231157 45.42 124.82 1.50  5   吉林松原
 20181109042439 45.23 124.73 2.80  9   吉林松原
 20181111024306 45.22 124.63 2.30  7   吉林松原
 20181117102448 45.28 124.78 0.90  7   吉林松原
 20181120110236 45.28 124.77 0.00  0   吉林松原子台(S-P1.1s)
 20181120112857 45.28 124.77 0.20  0   吉林松原子台(S-P1.1s)
 20181120114605 45.25 124.73 0.40  0   吉林松原子台(S-P1.2s)
 20181120125116 45.32 124.73 1.80  7   吉林松原
 20181123203836 45.22 124.70 0.70  6   吉林松原
 20181130155736 45.25 124.70 4.20  9   吉林松原
 20181130161038 45.23 124.73 1.10 13   吉林松原
 20181130163549 45.23 124.68 0.90  5   吉林松原
 20181130164213 45.25 124.73 1.50  7   吉林松原
 20181130194603 45.25 124.73 1.80  8   吉林松原
 20181202041229 45.25 124.72 1.60 10   吉林松原
 20181202150031 45.18 124.70 0.80  5   吉林松原
 20181204033558 45.23 124.78 0.30  0   吉林松原子台(S-P0.9s)
 20181209131154 45.22 124.78 1.20  7   吉林松原
 20181209134421 45.13 124.72 0.60 12   吉林松原
 20181213121453 45.20 124.68 0.30  6   吉林松原
 20181214191556 45.22 124.73 0.10  6   吉林松原
 20181214203834 45.23 124.77 0.40  9   吉林松原
 20181219025733 45.22 124.70 0.70  6   吉林松原
 20181219052449 45.28 124.82 0.60  6   吉林松原
 20190102063615 45.22 124.77 0.40  9   吉林松原
 20190102092200 45.23 124.70 1.30  8   吉林松原
 20190103023832 45.25 124.72 0.50  5   吉林松原
 20190103200813 45.33 124.75 0.10 15   吉林松原
 20190109210121 45.23 124.75 0.80 12   吉林松原
 20190112040320 45.25 124.68 3.30  8   吉林松原
 20190114224245 45.22 124.73 1.60  8   吉林松原
 20190122094638 45.23 124.73 1.60  9   吉林松原
 20190122214323 45.23 124.70 1.30  6   吉林松原
 20190124225535 45.20 124.67 0.20  5   吉林松原
 20190130213500 45.23 124.72 1.30  8   吉林松原
 20190202190340 45.25 124.73 0.80  6   吉林松原
 20190206115216 45.25 124.77 0.00  0   吉林松原子台(S-P1.2s)
 20190208042040 45.22 124.77 0.20  9   吉林松原
 20190210073534 45.27 124.68 0.70  6   吉林松原
 20190211033125 45.25 124.78 0.60  8   吉林松原
 20190306132505 45.23 124.67 0.20  0   吉林松原子台(S-P1.3s)
 20190308123449 45.23 124.73 0.40 11   吉林松原
 20190308124514 45.30 124.73 1.30 10   吉林松原
 20190313084828 45.27 124.78 0.40  0   吉林松原子台(S-P1.1s)
 20190317222334 45.23 124.70 0.20  0   吉林松原子台(S-P1.2s)
 20190326152848 45.27 124.73 0.50 11   吉林松原
 20190327061336 45.27 124.72 0.50  6   吉林松原
 20190412121843 45.20 124.65 1.10  5   吉林松原
 20190415220832 45.27 124.72 2.20 10   吉林松原
 20190416131033 45.27 124.77 1.60  7   吉林松原
 20190502014734 45.25 124.68 1.70  9   吉林松原
 20190504004745 45.22 124.67 0.10  5   吉林松原
 20190506102644 45.22 124.73 1.30  9   吉林松原
 20190511074037 45.18 124.75 0.60  9   吉林松原
 20190511114828 45.23 124.67 2.80  8   吉林松原
 20190511115411 45.25 124.72 3.40  9   吉林松原
 20190511123655 45.20 124.65 0.60  5   吉林松原
 20190511213526 45.23 124.73 3.00  8   吉林松原
 20190517031552 45.25 124.68 1.50  9   吉林松原
 20190517155652 45.27 124.78 0.10  0   吉林松原子台(S-P1.0s)
 20190517224338 45.22 124.68 0.90 12   吉林松原
 20190518062448 45.32 124.73 5.10 10   吉林松原
 20190518065752 45.28 124.73 1.40  8   吉林松原
 20190518070057 45.27 124.72 0.20  0   吉林松原子台(S-P1.2s)
 20190518073357 45.23 124.72 0.50 12   吉林松原
 20190518085059 45.25 124.72 2.30  8   吉林松原
 20190518085357 45.28 124.77 0.30  0   吉林松原子台(S-P1.1s)
 20190518163716 45.22 124.72 0.70 12   吉林松原
 20190518202344 45.23 124.77 2.40  7   吉林松原
 20190518203325 45.27 124.77 1.60  8   吉林松原
 20190518223928 45.23 124.73 0.30 11   吉林松原
 20190519084220 45.22 124.73 0.30  8   吉林松原
 20190519101836 45.22 124.77 3.30  6   吉林松原
 20190519113430 45.18 124.75 1.00 11   吉林松原
 20190522053150 45.23 124.68 0.70  9   吉林松原
 20190523003739 45.27 124.77 1.30  6   吉林松原
 20190523004650 45.25 124.77 0.60 10   吉林松原
 20190523030848 45.22 124.67 0.50  5   吉林松原
 20190523150009 45.18 124.72 0.30  5   吉林松原
 20190523184147 45.18 124.73 0.30  5   吉林松原
 20190524024214 45.23 124.75 0.80  9   吉林松原
 20190524051951 45.23 124.73 1.40  7   吉林松原
 20190524221825 45.28 124.73 1.90 12   吉林松原
 20190525004330 45.22 124.70 0.90  6   吉林松原
 20190525210859 45.27 124.77 1.40  9   吉林松原
 20190526084417 45.23 124.77 0.40  0   吉林松原子台(S-P0.8s)
 20190529204627 45.23 124.77 0.80 11   吉林松原
 20190530040801 45.22 124.78 1.10 10   吉林松原
 20190530044515 45.27 124.75 1.70  9   吉林松原
 20190531064307 45.23 124.78 0.40  9   吉林松原
 20190601040058 45.23 124.72 2.20  8   吉林松原
 20190601102627 45.22 124.73 1.30 10   吉林松原
 20190601164558 45.27 124.72 0.00  0   吉林松原子台(S-P1.0s)
 20190601213745 45.22 124.77 0.50  9   吉林松原
 20190602224227 45.27 124.73 2.30 12   吉林松原
 20190602224427 45.23 124.75 0.70  9   吉林松原
 20190603014710 45.30 124.75 4.00 12   吉林松原
 20190603015049 45.27 124.78 0.50 10   吉林松原
 20190603221829 45.27 124.75 1.30  8   吉林松原
 20190604012311 45.23 124.78 0.60 10   吉林松原
 20190605085346 45.17 124.58 0.20  0   吉林松原子台(S-P2.0s)
 20190605171654 45.28 124.80 0.00  0   吉林松原子台(S-P0.9s)
 20190609112451 45.17 124.82 0.10  5   吉林松原
 20190610114842 45.23 124.72 0.20  0   吉林松原子台(S-P1.1s)
 20190611121445 45.22 124.77 0.50  9   吉林松原
 20190613010247 45.23 124.73 2.50  6   吉林松原
 20190614131404 45.22 124.78 0.70  9   吉林松原
 20190616060057 45.23 124.77 1.20  9   吉林松原
 20190616193110 45.22 124.75 0.90 11   吉林松原
 20190617041834 45.23 124.77 1.20  9   吉林松原
 20190617143716 45.23 124.72 0.20  0   吉林松原子台(S-P1.0s)
 20190617160344 45.25 124.77 1.40  9   吉林松原
 20190618035009 45.28 124.78 0.10  0   吉林松原子台(S-P1.3s)
 20190618111700 45.28 124.77 0.10  0   吉林松原子台(S-P1.1s)
 20190620110851 45.22 124.73 1.00 10   吉林松原
 20190621121556 45.30 124.75 0.30  0   吉林松原子台(S-P1.1s)
 20190622092311 45.07 124.67 0.00  0   吉林松原子台(S-P2.8s)
 20190701100142 45.28 124.75 0.60  0   吉林松原子台(S-P1.0s)
 20190701144156 45.23 124.77 2.00 10   吉林松原
 20190702002007 45.27 124.78 1.00  8   吉林松原
 20190702124808 45.27 124.77 1.40  9   吉林松原
 20190704005346 45.17 124.77 0.70  4   吉林松原
 20190704164832 45.22 124.78 0.50  9   吉林松原
 20190708073331 45.30 124.73 0.50  0   吉林松原子台(S-P1.0s)
 20190713143416 45.17 124.78 1.10  7   吉林松原
 20190714002928 45.23 124.77 0.30 10   吉林松原
 20190715090530 45.37 124.88 1.50  4   吉林松原
 20190715210555 45.32 124.73 0.10  0   吉林松原子台(S-P1.0s)
 20190719055114 45.25 124.77 3.40  5   吉林松原
 20190719115413 45.18 124.75 1.10 10   吉林松原
 20190720115302 45.23 124.80 0.50 11   吉林松原
 20190720170407 45.22 124.77 0.50 10   吉林松原
 20190722150952 45.20 124.70 0.40  5   吉林松原
 20190723081153 45.18 124.68 0.60  7   吉林松原
 20190726194655 45.22 124.77 1.50 10   吉林松原
 20190802024455 45.27 124.78 2.90  6   吉林松原
 20190807093444 45.18 124.68 0.40  6   吉林松原
 20190807110125 45.18 124.68 0.50  5   吉林松原
 20190813063401 45.28 124.78 0.00  0   吉林松原子台(S-P0.8s)
 20190827162530 45.22 124.75 1.00  8   吉林松原
 20190827174147 45.22 124.73 1.40  7   吉林松原
 20190830090543 45.23 124.77 0.70  9   吉林松原
 20190903103959 45.27 124.78 1.10  9   吉林松原
 20190907091659 45.28 124.87 0.40  0   吉林松原子台(S-P1.3s)
 20190908123907 45.23 124.78 0.80 10   吉林松原
 20190908150825 45.27 124.77 0.20 11   吉林松原
 20190908234748 45.38 124.87 1.00  6   吉林松原
 20190911232457 45.22 124.77 0.10  9   吉林松原
 20190913102407 45.25 124.78 0.70  8   吉林松原
 20190917135208 45.30 124.75 0.50  0   吉林松原子台(S-P1.0s)
 20190918101659 45.38 124.88 1.80  8   吉林松原
 20190921153909 45.30 124.73 0.20  0   吉林松原子台(S-P1.0s)
 20190926013321 45.18 124.82 0.50  5   吉林松原
 20190926234131 45.23 124.62 3.10  8   吉林松原
 20191001210845 45.20 124.77 0.00 10   吉林松原
 20191002165318 45.22 124.72 0.70 10   吉林松原
 20191004230610 45.28 124.72 2.80  9   吉林松原
 20191007172552 45.23 124.78 0.00  0   吉林松原子台(S-P1.1s)
 20191008073535 45.22 124.77 0.50  9   吉林松原
 20191010231243 45.25 124.77 2.80  6   吉林松原
 20191011040431 45.23 124.73 0.70 10   吉林松原
 20191013200047 45.32 124.82 1.30 14   吉林松原
 20191018223839 45.23 124.75 1.10 10   吉林松原
 20191019040814 45.23 124.75 0.70  8   吉林松原
 20191022025428 45.22 124.77 0.70  7   吉林松原
 20191023142242 45.17 124.80 0.80  2   吉林松原
 20191101011134 45.22 124.75 1.10  8   吉林松原
 20191114230921 45.30 124.77 0.10  0   吉林松原子台(S-P0.9s)
 20191116221549 45.22 124.77 0.70 10   吉林松原
 20191118000859 45.30 124.75 0.00  0   吉林松原子台(S-P1.0s)
 20191121231113 45.20 124.72 0.40  7   吉林松原
 20191123045627 45.20 124.80 0.50  9   吉林松原
 20191127031544 45.22 124.73 0.90 13   吉林松原
 20191201091224 45.23 124.75 0.80  8   吉林松原
 20191201193815 45.23 124.73 2.50 10   吉林松原
 20191201193933 45.17 124.70 0.30  9   吉林松原
 20191210231811 45.27 124.77 1.50  6   吉林松原
 20191211144714 45.25 124.72 1.70 12   吉林松原
 20191213042647 45.23 124.67 2.00  9   吉林松原
 20191224043111 45.22 124.75 1.00  8   吉林松原
 20191225132920 45.17 124.77 0.50  6   吉林松原
 20191226155523 45.17 124.73 0.50 12   吉林松原
 20200104065513 45.23 124.73 0.50 10   吉林松原
 20200109185134 45.27 124.48 1.10  7   吉林前郭
 20200111232755 45.22 124.73 1.50  9   吉林松原
 20200118135746 45.23 124.77 0.80 11   吉林松原
 20200120210923 45.22 124.73 1.30  6   吉林松原
 20200126040418 45.27 124.77 1.60  7   吉林松原
 20200130063749 45.27 124.75 1.60  7   吉林松原
 20200221063714 45.27 124.72 1.40 11   吉林松原
 20200306041312 45.22 124.72 0.70 11   吉林松原
 20200308061325 45.23 124.73 0.60 10   吉林松原
 20200329183607 45.27 124.77 1.40  7   吉林松原
 20200402033122 45.27 124.72 1.50 11   吉林松原
 20200416234937 45.28 124.77 0.00  0   吉林松原子台(S-P1.0s)
 20200417002011 45.23 124.78 0.20  9   吉林松原
 20200428065954 45.28 124.82 3.00  6   吉林松原
 20200428070110 45.27 124.78 0.10  0   吉林松原子台(S-P1.0s)
 20200429090452 45.27 124.78 0.50  0   吉林松原子台(S-P0.8s)
 20200430070041 45.17 124.75 1.10  5   吉林松原
 20200503223107 45.27 124.78 1.70  5   吉林松原
 20200504070129 45.27 124.77 1.40  8   吉林松原
 20200523232756 45.17 124.78 0.50  0   吉林松原
 20200526173402 45.18 124.78 0.70  7   吉林松原
 20200528175425 45.20 124.73 0.80  8   吉林松原
 20200604015826 45.23 124.87 0.60  4   吉林松原
 20200604020256 45.27 124.88 0.40  5   吉林松原
 20200617173837 45.22 124.77 0.20  6   吉林松原
 20200625021850 45.30 124.73 0.10  0   吉林松原子台(S-P1.0s)
 20200710155915 45.23 124.77 0.00  0   松原子台(S-P0.5s)
 20200711054846 45.32 124.73 0.10  0   吉林松原子台(S-P0.9s)
 20200714084057 45.23 124.73 0.20  8   吉林松原
 20200715010809 45.22 124.82 0.40  9   吉林松原
 20200715011448 45.28 124.80 0.40  0   吉林松原子台(S-P0.9s)
 20200717110021 45.18 124.82 1.70  6   吉林松原
 20200719181147 45.23 124.82 1.40  5   吉林松原
 20200719181625 45.32 124.73 0.10  0   吉林松原子台(S-P1.0s)
 20200719191356 45.28 124.80 0.40  0   吉林松原子台(S-P0.9s)
 20200719201639 45.28 124.80 0.30  0   吉林松原子台(S-P0.9s)
 20200719201818 45.28 124.78 0.10  0   吉林松原子台(S-P0.9s)
 20200723055548 45.38 124.83 1.50  5   吉林松原
 20200809185034 45.25 124.77 0.30  0   吉林松原子台(S-P1.1s)
 20200812021335 45.20 124.82 0.10  5   吉林松原
 20200812114022 45.18 124.78 0.60  8   吉林松原
 20200813115756 45.28 124.77 0.10  0   吉林松原子台(S-P1.0s)
 20200814063701 45.28 124.77 1.90  6   吉林松原
 20200815074120 45.25 124.82 1.30  9   吉林松原
 20200906160748 45.30 124.77 0.10  0   吉林松原子台(S-P0.9s)
 20200915061622 45.28 124.78 0.50  0   吉林松原子台(S-P1.1s)
 20200924003043 45.22 124.78 1.50 10   吉林松原
 20200926044603 45.42 124.97 0.70  5   吉林松原
 20200926063716 45.37 124.97 0.40  5   吉林松原
 20200926070634 45.38 124.90 0.60  5   吉林松原
 20200930062610 45.15 124.77 0.70  5   吉林松原
 20201009131238 45.23 124.73 1.20  5   吉林松原
 20201107052522 45.27 124.82 0.20  0   吉林松原子台(S-P1.2s)
 20201108134631 45.25 124.78 0.80 10   吉林松原
 20201111082444 45.18 124.80 1.40 11   吉林松原
 20201117115827 45.23 124.77 1.40  4   吉林松原
 20201128041001 45.23 124.72 1.60 11   吉林松原
 20201129162753 45.27 124.82 0.50 10   吉林松原
 20201129184905 45.22 124.72 0.30 13   吉林松原
 20201203040053 45.23 124.72 1.40  8   吉林松原
 20201228214851 45.27 124.78 0.50 11   吉林松原
 20201229164008 45.25 124.75 1.50  9   吉林松原
 20201230050756 45.22 124.77 0.30  7   吉林松原
 20201230124652 45.20 124.75 0.40  8   吉林松原
 20201230191016 45.22 124.78 0.20 10   吉林松原
 20210105012448 45.17 124.67 0.40  7   吉林松原
 20210105125306 45.27 124.72 1.50  9   吉林松原
 20210122143607 45.23 124.78 0.40  8   吉林松原
 20210123155100 45.28 124.80 1.70  8   吉林松原
 20210124202204 45.27 124.78 0.50  0   吉林松原子台(S-P0.8s)
 20210218044139 45.27 124.82 1.10  9   吉林松原
 20210218133009 45.23 124.77 0.80  0   吉林松原子台(S-P0.9s)
 20210311141335 45.27 124.67 0.10  0   吉林松原子台(S-P1.2s)
 20210315042217 45.22 124.82 0.90  5   吉林松原
 20210316050619 45.30 124.75 0.10  0   吉林松原子台(S-P1.1s)
 20210317080538 45.28 124.77 1.40  0   吉林松原子台(S-P1.0s)
 20210324042856 45.27 124.83 1.00  9   吉林松原
 20210416000529 45.27 124.75 0.70  5   吉林松原
 20210417181329 45.27 124.83 1.40  7   吉林松原
 20210501084415 45.32 124.73 0.10  0   吉林松原子台(S-P0.9s)
 20210501085350 45.23 124.77 0.90  0   吉林松原子台(S-P0.9s)
 20210501170011 45.28 124.80 0.00  0   吉林松原子台(S-P0.9s)
 20210504132747 45.28 124.77 0.50  0   吉林松原子台(S-P1.0s)
 20210504135355 45.32 124.73 0.10  0   吉林松原子台(S-P0.9s)
 20210504180642 45.23 124.77 1.20  0   吉林松原子台(S-P0.9s)
 20210504180940 45.28 124.78 0.00  0   吉林松原子台(S-P0.9s)
 20210504183305 45.28 124.77 0.70  0   吉林松原子台(S-P1.0s)
 20210504184454 45.30 124.75 0.30  0   吉林松原子台(S-P1.0s)
 20210510122155 45.30 124.73 0.20  0   吉林松原子台(S-P1.0s)
 20210513175137 45.32 124.73 0.80  0   吉林松原子台(S-P1.0s)
 20210513175450 45.23 124.77 1.00  0   吉林松原子台(S-P0.9s)
 20210515183926 45.27 124.70 0.50  0   吉林松原子台(S-P1.2s)
 20210607042232 45.28 124.75 0.60  0   吉林松原台(S-P1.0s)
 20210620012139 45.27 124.70 0.20  0   吉林松原子台(S-P1.1s)
 20210628164627 45.27 124.68 0.00  0   吉林松原子台(S-P1.2s)
 20210718101824 45.28 124.77 1.00  0   吉林松原子台(S-P1.0s)
 20210721110521 45.25 124.73 0.60  0   吉林松原子台(S-P1.2s)
 20210721183746 45.25 124.77 0.10  0   吉林松原子台(S-P0.4s)
 20210725000137 45.25 124.67 2.10  6   吉林松原
 20210805080206 45.30 124.75 1.50  4   吉林松原
 20210912124309 45.23 124.72 0.30  0   吉林松原子台(S-P1.2s)
 20210920222817 45.28 124.85 0.30  0   吉林松原子台(S-P1.5s)
 20210924202927 45.25 124.70 3.20 10   吉林松原
 20210924202927 45.27 124.70 2.90  8   吉林松原
 20210924203143 45.30 124.78 0.10  0   吉林松原子台(S-P1.3s)
 20210925054400 45.25 124.72 1.50  9   吉林松原
 20211004090053 45.32 124.82 1.80 11   吉林松原
 20211020062417 45.25 124.78 0.90  0   吉林松原(S-P1.0s)
 20211029044348 45.28 124.73 2.40  7   吉林松原
 20211109054942 44.88 124.77 1.00 10   吉林前郭
 20211114172752 45.23 124.78 0.60  0   吉林松原子台(S-P0.8s)
 20211114212607 45.22 124.87 0.00  0   吉林松原子台(S-P1.4s)
 20211115080854 45.20 124.97 0.30  0   吉林松原子台(S-P2.2s)
 20211203013625 45.32 124.72 0.70  0   吉林松原子台(S-P1.3s)
 20220110032918 45.23 124.72 1.00  0   吉林松原子台(S-P1.1s)
 20220121053814 45.23 124.72 0.50  0   吉林松原子台(S-P1.0s)
 20220123135140 45.28 124.75 0.10  0   吉林松原子台(S-P1.1s)
 20220210134822 45.28 124.72 1.30  3   吉林松原
 20220211022711 45.22 124.80 0.80 10   吉林松原
 20220211105449 45.27 124.78 0.30  0   吉林松原子台(S-P1.0s)
 20220226181419 45.35 124.98 0.90  5   吉林松原
 20220227204118 45.23 124.78 0.80  6   吉林松原
 20220306225646 45.30 124.73 0.20  0   吉林松原子台(S-P1.0s)
 20220316024432 45.25 124.75 4.30 10   吉林宁江
 20220317035155 45.28 124.82 0.40  4   吉林松原
 20220317223905 45.22 124.70 0.40  5   吉林松原
 20220318103926 45.23 124.72 0.00  0   吉林松原子台(S-P1.1s)
 20220322082234 45.28 124.82 0.50  4   吉林松原
 20220401181831 45.42 125.05 0.70  8   吉林松原
 20220409203753 45.23 124.67 1.70  8   吉林松原
 20220410152842 45.27 124.83 0.80  9   吉林松原
 20220602184923 45.23 124.78 0.80  0   吉林松原子台(S-P0.8s)
 20220605034636 45.33 124.77 1.70  8   吉林松原
 20220801025311 45.25 124.80 1.00  0   吉林松原子台台(S-P1.0s)
 20220901010736 45.25 124.73 1.10 12   吉林松原
 20221003023153 45.40 124.85 0.30  5   吉林松原
 20221022221338 45.27 124.78 0.10  0   吉林松原子台台(S-P1.0s)
 20221029113442 45.27 124.73 1.40  7   吉林松原
 20221116194806 45.28 124.77 0.30  0   吉林松原子台台(S-P1.2s)
 20221217180521 45.28 124.77 0.30  0   吉林松原子台台(S-P1.1s)
 20221223175453 45.27 124.78 0.20  0   吉林松原子台台(S-P1.0s)
 20221225231901 45.23 124.72 0.60  0   吉林松原子台台(S-P1.1s)
 20230603015756 45.25 124.83 0.10  8   吉林宁江
 20230622191433 45.23 124.78 0.40  9   吉林宁江
 20230703021708 45.12 124.93 0.60 10   吉林宁江
 20230720173832 45.28 124.73 1.60  5   吉林宁江
 20230811040217 45.22 124.75 0.70  9   吉林松原
 20230811044429 45.28 124.75 1.10 10   吉林松原
 20230913110748 45.23 124.72 2.30 10   吉林松原
